https://web.archive.org/web/20230119134123/https://web.archive.org/web/20230119134123/https://elpais.com/noticias/violencia-machista/
NONE
Hrm.
No encontrada etiqueta
No localizacion
"The Wayback Machine has not archived that URL. Click here to search for all archived pages under https://web.archive.org/web/20230119134123/https://elpais.com/noticias/violencia-machista/. The Wayback Machine is an initiative of the Internet Archive, a 501(c)(3) non-profit, building a digital library of Internet sites and other cultural artifacts in digital form.
Other projects include Open Library & archive-it.org. Your use of the Wayback Machine is subject to the Internet Archive's Terms of Use. DONATE"
